244
313
423
1448
1854
1390
377
62
1546
1321
519
1777
709
1463
504
1961
1380
1225
536
284
457
1962
1820
1222
1380
414
1531
1342
1570
280
1775
920
1519
331
1822
1871
49
235
287
506
1091
46
1078
1961
165
1823
126
1648
754
1734
153
872
1045
466
1777
1016
1829
981
475
1172
1830
1898
996
1024
383
794
982
606
1294
902
1748
1198
1460
1482
372
160
73
853
1218
178
901
764
1415
1909
1784
1834
868
938
1705
1410
24
1460
1426
269
979
672
950
629
384
29
932
1445
831
605
710
223
1475
802
1376
932
234
301
1453
1943
1339
449
722
1472
434
1849
1712
1028
736
994
2
516
1663
1330
488
981
1744
376
1424
1092
1732
954
1387
57
662
721
1492
1712
768
464
1828
1014
195
276
1224
1728
1961
214
1929
646
198
634
1400
577
1856
47
111
373
106
1656
1550
673
665
1888
1185
685
468
1006
1701
893
487
573
93
1774
1503
898
632
524
914
223
1993
431
1380
188
1542
772
1271
1833
806
992
231
872
1196
1729
322
1751
1778
321
220
0
1541
313
468
77
1417
1034
1790
313
361
1757
783
644
1220
1748
1070
1816
1217
235
200
230
1561
932
1382
260
1878
1040
1177
1025
1842
161
1330
33
71
809
286
701
83
1687
1647
711
834
1990
1013
893
1109
524
421
169
1475
1849
1187
782
1244
1685
960
238
1868
1394
886
377
200
382
550
742
589
1442
668
1871
631
1712
839
954
1122
1357
953
1129
1791
486
1872
983
1396
509
989
1958
218
1606
1167
669
1369
1334
1058
743
248
862
1347
233
366
1652
1022
1868
1177
1711
1935
662
154
1316
1647
985
1086
894
187
1554
1964
1058
239
527
1989
332
656
1940
821
417
1574
1007
326
274
514
1762
569
414
1797
731
286
1933
697
1785
661
1592
79
1823
1349
1463
1029
1128
1253
1965
1327
1561
35
1897
213
287
1093
1575
588
681
1638
492
445
1215
763
1786
117
1328
1903
786
1160
1256
1934
1709
1375
172
461
100
1010
1370
189
98
623
824
637
1453
57
681
110
1698
1712
77
968
0
1181
1272
662
1522
520
889
242
637
1069
366
197
234
449
1548
1261
1029
1204
1103
1338
438
886
1095
953
901
934
322
394
1416
629
1850
1325
1240
1273
1556
1626
1657
1065
259
983
1348
242
745
1906
1298
1229
542
580
656
1977
796
890
313
554
338
488
53
613
1918
79
101
737
1961
1597
1579
1756
894
847
612
623
133
1080
368
1994
1316
865
410
37
864
1144
1075
163
8
376
1820
1130
1031
1928
1631
1413
1375
205
1257
645
1066
116
318
335
1688
1626
1733
370
1498
130
414
1088
46
1944
1357
1297
1216
1574
410
1004
128
38
1415
1366
654
1248
636
1036
218
1863
67
1920
1172
985
1340
1369
695
79
571
476
1406
258
682
1753
38
1367
1415
1370
1938
1754
740
1463
1564
1181
518
1645
1897
76
1757
1420
98
794
818
1237
1048
218
1297
52
704
584
1823
1629
1057
1068
784
33
902
912
1187
1056
226
1285
749
1317
238
1408
830
508
778
562
937
219
386
681
1046
58
284
96
606
685
90
388
812
1238
1102
860
1484
1158
1810
805
1632
520
58
1669
743
1597
1604
1593
105
542
1849
1270
420
176
784
79
1544
1470
974
410
1705
565
1081
1399
886
1853
233
884
1531
466
1245
841
1885
1717
967
1369
1903
196
816
1385
413
667
1995
1021
1124
724
434
653
1109
1836
1564
1296
511
756
1484
786
916
298
1359
1055
1573
614
1890
177
1714
1961
1748
1150
1154
773
1579
701
282
877
1991
384
1822
1044
1286
1184
1623
772
1986
214
260
244
1965
1472
521
1812
80
262
1957
245
103
1549
889
1987
1264
745
728
1108
1296
1283
970
1629
1762
1840
77
399
1993
517
753
475
1438
1753
898
311
29
46
368
1469
1688
1190
566
277
1463
1016
1079
1375
1624
201
793
1969
481
1112
197
1958
790
428
664
350
1632
616
1456
510
1074
1906
1702
1103
1016
484
84
866
946
590
989
1308
362
1100
572
1085
1956
1038
133
1709
1249
1266
392
494
62
721
1378
1726
1534
1126
1927
1310
754
1685
809
400
350
797
1760
38
1436
1675
1626
409
1000
1246
341
1957
1568
1364
1998
293
854
173
608
1718
1231
1261
734
1263
1334
549
398
1827
985
970
899
1397
1330
1829
1021
367
1439
1096
1565
1164
1895
1650
1400
1448
1072
311
821
1928
1608
889
760
502
799
18
741
1689
584
668
937
1048
1141
1497
1439
1612
245
560
919
1950
1493
334
1401
1237
1835
1972
1190
1105
632
1458
1252
571
1160
949
410
140
232
290
26
1380
511
612
83
1108
234
218
553
519
294
840
680
1109
898
212
509
263
259
1748
479
234
213
616
1766
355
1329
1349
758
1569
1521
1642
1804
1896
1220
1561
1512
1654
1349
759
168
1129
985
1286
88
1757
3
708
543
1840
804
1730
1385
52
367
433
863
98
799
1474
607
31
1124
1993
140
914
1764
311
1177
251
193
1264
1676
1923
1461
1486
205
595
216
1539
457
238
1465
935
385
920
620
1480
1586
1621
50
34
45
479
1496
1535
104
860
638
607
287
816
1877
1854
1386
1948
89
1402
140
721
1181
1612
387
1180
702
495
457
986
337
1026
1342
364
598
679
1352
1133
556
1657
1441
687
1560
1544
883
1945
1922
815
1223
1210
54
1115
437
1814
1812
120
188
1190
992
1927
457
1940
1475
1274
1944
452
1637
22
1253
1670
248
556
672
530
1286
1215
1077
663
431
780
648
1752
449
975
772
1088
1583
572
1208
535
566
695
685
38
606
405
1682
890
1614
610
549
922
1056
375
862
637
552
548
955
1712
798
220
1048
1622
873
707
1291
1848
416
1360
1968
928
533
361
1729
1056
160
1372
541
989
866
1744
1415
997
981
154
1762
1741
218
1359
1390
1168
1647
102
547
1369
1556
1343
240
431
138
680
1550
1052
515
965
697
421
291
118
1205
1709
1562
237
97
584
1676
527
176
1897
98
1048
760
196
1646
1666
1868
1711
950
1571
726
824
802
990
1372
1359
452
1670
36
1920
1151
1372
1473
223
397
1496
197
816
130
961
210
1652
14
1111
361
1126
632
336
1353
873
1232
708
1592
568
1119
1477
1748
953
1744
1421
1917
752
1052
601
32
942
1389
60
1669
665
302
335
1757
1129
1321
1313
1723
67
1862
1378
14
1973
1328
997
1190
1492
556
1287
1502
1544
1106
1430
937
710
282
1348
1085
77
1187
673
194
1082
165
1129
1166
49
91
169
848
1222
1686
1393
449
1804
1385
1640
1136
793
599
449
25
1284
110
301
317
1353
928
1833
916
1960
247
1095
434
542
1849
517
1114
592
350
1326
1222
1348
1507
1034
1791
692
341
981
936
313
313
955
1064
19
797
1132
1765
684
792
132
1926
1518
352
1541
701
1565
450
1736
458
836
650
1748
1484
333
1294
1039
1897
1938
873
1589
172
527
1684
44
661
578
1026
1781
1634
1517
1519
316
494
1925
190
120
1865
250
1708
205
596
1462
161
276
1794
323
1989
1061
308
21
1116
1154
1406
278
898
445
272
1238
143
488
1541
1603
1104
1294
207
341
1296
842
1676
1544
1100
415
469
1087
1477
404
629
1714
1036
1188
1556
1366
154
210
372
1448
1354
1175
1892
1172
1654
1942
1438
1472
313
293
868
1102
1583
1771
1128
1562
37
1705
1654
280
1876
590
605
596
400
1727
410
109
1230
1808
1398
814
1877
527
901
684
1471
553
138
1544
2
457
516
1623
301
1693
1581
434
170
1610
1692
1244
1870
597
1898
1475
1148
1141
1385
773
219
18
990
1350
1797
684
248
1112
1366
1978
1037
1522
1336
268
775
727
1181
157
724
1278
656
372
1285
461
1923
1002
1172
697
901
383
969
89
719
1465
1199
268
86
1388
1880
1991
1181
1326
1058
1788
1849
1903
2
56
744
826
1486
1808
973
989
694
1613
1760
1048
802
1953
1341
1244
1311
1229
1080
1796
1085
989
628
323
278
884
1385
964
1598
645
809
1369
1152
968
1175
846
1415
219
1065
864
226
91
715
413
1925
762
1453
374
1100
910
217
33
1519
356
1887
134
772
1993
1943
1461
1894
1911
1380
21
167
313
1946
564
308
840
325
1948
1624
1744
480
1294
1291
177
1401
1764
319
189
604
148
742
115
1778
133
1973
1839
664
1729
1397
970
1291
614
1238
1466
169
354
1961
3
568
517
660
1208
854
1706
1344
567
157
880
1156
542
983
1096
1529
1453
1919
1315
1885
1599
906
1738
694
826
997
1778
668
1120
359
681
313
1358
1862
74
816
1550
325
1403
1915
733
1037
702
701
1489
994
673
169
885
539
1244
596
854
1039
734
1813
770
993
134
1333
1520
1748
1714
124
298
128
325
1767
1183
630
492
1996
1247
1295
1474
1417
1118
184
1411
1285
1348
1548
1321
25
1426
880
1514
38
1202
1604
1768
1922
1897
1799
788
1109
392
991
706
53
1666
1092
36
316
878
1222
1487
278
1760
224
328
413
1256
1517
1993
848
873
1869
1898
1613
154
1321
408
344
1712
702
1071
1172
660
989
654
479
1285
1863
1852
1256
1332
1901
1722
1765
1040
270
1532
1808
842
982
1267
457
386
1206
1010
121
662
362
384
190
1790
216
538
35
576
758
1650
1191
1351
383
1020
1453
1184
29
1760
1244
131
360
1042
1507
124
1022
1549
619
380
1303
902
1624
345
1462
232
1584
1631
1154
116
1868
1113
310
665
632
1773
925
69
864
1766
1855
1228
1741
359
358
1175
114
29
1672
1631
119
1798
1631
1384
1983
1181
962
90
548
1672
1345
1626
571
1748
1394
1520
429
1096
991
259
512
1174
1302
1680
1922
968
1571
487
1940
1088
1562
818
23
1756
1730
1226
1010
810
1438
1817
330
1243
668
306
726
992
888
68
1240
1702
714
1022
195
1533
536
1269
1557
1134
1990
831
693
1525
1100
1820
618
682
968
524
1046
1534
1620
164
1964
160
598
1673
715
1244
1181
699
128
1183
1693
1856
1694
1868
180
594
1312
901
1912
1304
871
1531
34
383
1424
1561
1657
527
1544
411
221
62
319
749
89
100
845
1279
1305
724
68
1676
1134
695
1056
1604
448
12
1848
1480
316
259
1710
1186
618
649
921
1413
740
607
68
361
1100
48
1191
1800
1561
250
1091
1209
772
1486
164
847
1288
323
89
1798
196
878
1710
602
122
817
456
1674
165
1760
1991
128
868
1175
1360
1013
1292
546
1993
358
1391
1112
1490
932
173
245
1704
254
445
1469
1822
376
313
872
1933
1258
10
1442
1496
1325
1906
989
1439
731
1696
166
1814
1122
1674
1448
914
1564
778
1561
1970
234
1638
1973
266
743
695
1143
1083
1125
322
930
639
1899
853
383
738
1968
855
1682
566
304
1105
1183
266
1153
528
1546
1525
874
1658
1277
1820
1648
1814
639
71
900
710
122
569
968
1212
1257
1684
1817
903
645
1081
1472
1295
958
441
361
1550
1192
34
430
195
175
988
638
71
1823
152
346
920
124
1566
359
944
1910
85
643
868
1617
287
553
1991
1150
1998
130
629
694
1723
776
835
760
914
1558
1988
410
1302
198
1930
1544
484
359
1533
1993
1308
216
1623
312
1580
269
669
1633
739
605
852
850
267
1964
1010
680
732
1363
1905
565
1287
720
760
1241
1542
1652
1580
1802
1762
1573
323
1082
1745
1268
1311
1393
368
1207
4
1144
1658
1281
722
1485
1412
1672
1453
1547
1184
731
1804
738
1897
1862
73
1789
1016
296
360
575
806
1957
1994
1273
305
665
683
1847
1816
200
1465
145
460
526
985
526
1055
527
248
921
1581
868
38
1706
1757
1540
816
1466
156
1782
1712
214
1818
1541
517
1501
902
1758
614
498
809
504
1698
1674
1854
1138
25
182
554
1878
1243
1465
854
1782
1892
1142
40
1800
1657
1522
1057
1514
1529
1269
1591
1397
806
1291
1627
120
1961
29
176
1674
1652
580
668
1301
565
554
546
728
553
25
284
773
1672
145
980
802
1518
248
908
1778
864
416
1885
404
157
486
1415
1694
1040
556
1148
234
1567
1694
1242
633
771
621
194
700
1626
1641
1753
900
853
37
235
560
859
1510
716
889
557
944
1670
1854
496
437
1791
686
146
1221
1146
1325
1783
1745
1228
559
1459
218
1829
508
1664
553
773
89
1874
812
1812
235
1103
1599
431
1645
1016
296
464
77
132
681
310
628
1445
1058
14
1384
1879
1919
1334
554
1213
121
1111
509
806
1004
1086
17
476
733
752
206
1274
279
1244
1634
1567
1997
1682
337
217
1314
240
220
629
1093
1196
1411
796
25
1982
1817
888
1796
1389
1082
1824
1296
672
1181
1327
989
815
1334
904
1725
118
1380
1753
1493
1280
330
752
1750
330
1322
658
1540
1856
690
657
1539
1708
1960
1000
1470
1532
1175
986
1571
1007
777
1172
1600
1580
1033
1529
561
1002
328
1388
1727
943
1234
1603
1958
1777
650
1200
1167
1060
1584
36
1218
817
1767
1754
78
1774
269
813
14
1551
178
1014
932
248
673
1327
206
774
1150
745
608
1609
1920
924
880
638
180
753
1912
1349
752
934
895
1028
1167
1942
1336
1383
266
1754
1079
961
820
1613
1861
1994
1462
890
1283
643
310
569
247
945
694
826
415
1115
605
987
601
1843
540
1556
1588
835
1487
350
608
1246
306
169
1253
1223
1816
989
1369
38
1693
1764
1928
262
249
128
983
999
934
359
1645
1618
876
686
354
161
1172
1862
527
1590
184
1326
25
558
146
518
1098
800
58
110
1678
1142
131
570
380
380
740
1650
1177
1182
169
1497
1246
1941
869
574
1079
456
1689
1297
1241
1231
1415
1252
1414
1338
821
741
34
1493
1509
770
1256
758
1081
1166
1020
758
2
649
504
246
993
1515
1862
1960
287
999
1817
566
328
486
1366
367
1893
1153
1820
1078
1702
1845
1948
1561
1936
1465
586
873
213
890
143
344
470
1010
902
457
92
1986
1620
1106
1054
722
1338
240
901
591
888
538
1591
342
1826
1880
367
1448
248
1676
1561
1246
863
1897
412
793
754
1912
1688
920
1321
1401
1151
793
103
671
1652
1204
207
839
690
1797
655
1733
974
799
1626
988
1436
286
601
442
414
608
985
1980
889
1426
1826
1630
1834
1037
1618
1372
326
1940
716
1031
781
1878
1080
1604
1476
973
1923
1415
1230
1402
105
1917
890
410
738
1152
422
1217
1978
1890
1306
985
955
1401
1830
1508
357
1660
1667
902
56
173
1942
1260
165
809
1949
1132
1418
34
745
853
110
803
1118
975
388
1901
601
1008
1690
1472
840
1742
1192
686
1044
1821
1202
1519
908
570
500
577
1507
1773
122
1429
601
1668
466
52
1175
1726
394
1180
1254
444
214
628
560
350
544
240
1910
536
115
1522
1925
1639
1713
250
1435
109
74
1629
1761
33
865
1010
1994
574
900
503
893
1483
1301
503
1087
1472
873
249
1688
374
1928
741
540
1205
1988
1605
593
433
1966
341
35
1516
1126
412
607
1571
1517
811
117
1066
1346
1016
573
835
1966
1273
1229
632
1229
187
978
394
1088
740
454
438
600
1256
601
709
626
685
1590
991
810
1570
1832
1357
1540
1678
1672
1456
1429
980
477
515
1140
277
1564
553
1945
1453
333
1296
263
578
564
1081
1924
637
288
1903
249
144
338
590
457
771
479
618
942
980
340
768
661
652
135
341
162
398
528
716
1273
1462
52
769
509
146
784
602
1025
1852
1188
1373
692
53
256
928
832
414
1633
94
194
898
440
722
1630
374
1333
569
1288
142
121
1176
1935
1062
926
377
1620
856
715
1682
1175
1544
1359
133
1960
579
1991
794
1532
1550
885
180
620
1745
2
121
149
1487
1623
1418
530
525
1458
445
758
980
745
1728
527
344
341
1614
1529
409
1094
493
922
1702
1062
56
854
197
985
1406
162
1434
34
1642
1743
1125
1308
1571
665
1153
229
1222
1220
506
1144
1407
336
1859
828
773
1140
697
1207
32
1245
1030
1230
1667
879
745
217
1277
900
1174
839
1799
1424
793
1777
412
1637
1728
614
1645
1870
270
959
164
80
610
434
1501
434
1737
373
1526
569
781
377
1312
1226
1258
1465
950
35
1672
818
1078
121
677
1670
1364
697
421
1658
478
421
1091
1766
1127
1384
253
1943
301
576
811
832
1352
515
1785
1652
1660
1640
1006
974
313
727
524
1639
431
108
1859
1134
1868
127
1318
1838
440
373
706
591
804
34
1016
1476
197
1482
826
1274
690
1291
175
1253
224
168
38
1263
214
1429
1045
901
878
1382
1603
1267
1798
901
184
179
1703
482
990
1113
415
630
60
1331
409
1271
1428
1026
1252
122
1982
1349
1824
1823
350
1632
290
1086
592
1704
1941
1436
842
1761
1020
1653
793
1373
199
884
1349
314
742
645
1312
85
1111
1219
1226
1791
1081
706
856
1322
992
233
622
562
142
1694
726
476
880
1617
9
650
953
1589
361
1860
105
778
1086
1206
1160
1285
1090
464
352
569
782
839
1190
1478
1135
1679
359
1077
885
799
562
52
1983
108
824
922
303
564
1631
235
992
1326
569
1945
1898
863
1117
1539
1684
17
843
1740
952
908
152
400
965
1701
1952
1296
1693
1924
1916
1566
1264
618
168
435
259
346
1518
853
0
1081
301
942
1722
1484
1009
1970
1312
1127
1238
1094
914
1250
1876
384
315
1004
478
1255
101
1844
1199
1561
1506
588
61
1536
797
1839
30
1278
1896
1468
1616
335
933
1652
634
1897
313
547
1568
557
14
1170
954
719
1532
534
258
1120
1469
1382
94
410
1565
1496
1197
1670
111
1788
728
1209
623
1148
702
720
29
1189
1373
1189
1509
314
910
1628
1780
25
1536
1994
1383
1764
1339
288
397
1223
1678
996
1025
1352
1465
1685
1535
696
232
952
728
1196
1414
1853
180
1751
848
610
1106
818
1580
1177
338
1588
1698
140
1264
89
1465
261
251
1837
1309
596
1010
1727
1364
566
525
26
1188
1820
1756
82
1434
1815
976
695
1352
1568
1484
1544
1664
1868
753
1689
937
1538
1172
191
569
1900
1509
323
764
77
1447
1750
358
278
488
1858
889
580
799
542
1733
1037
821
1650
1780
470
1061
1732
361
216
308
533
1244
1778
669
1385
1731
1312
305
1297
696
1757
803
1742
1009
1181
1541
90
1573
1485
1056
1532
1621
1997
1460
1413
1487
118
968
1566
421
1580
1562
1808
527
416
1070
1077
1736
398
194
92
1826
502
758
1763
1627
1102
1069
1055
1458
967
1184
1516
1133
1277
1669
1013
1630
49
1757
790
1758
1215
1987
133
753
146
1359
1884
1013
1103
1023
345
53
1380
1620
1927
212
1797
811
1784
106
860
1778
773
64
824
1871
1330
361
1658
1150
1126
968
397
478
464
173
1293
86
956
1850
1256
295
1540
1494
1795
1015
1869
1316
1190
472
988
756
398
1757
1438
972
1991
869
266
847
1980
1927
874
908
259
1680
530
859
488
459
1658
1593
676
1949
1514
1961
970
741
1980
108
1457
571
476
1723
594
87
1658
677
586
98
232
35
1961
1442
978
595
1866
1970
498
1848
1103
1886
824
1742
1393
168
116
1046
391
1844
463
149
1583
265
1736
318
1529
1103
1933
1285
245
89
274
365
1639
963
601
505
199
743
218
493
575
317
547
1638
1879
260
1764
1632
238
1582
607
1585
272
234
556
740
1083
26
1802
1364
6
724
553
1719
1774
934
1890
698
1231
1745
686
1823
864
1774
1670
1246
529
1326
285
608
308
1282
1748
202
386
912
165
316
525
132
759
1450
1552
1506
247
1359
877
932
1988
1081
88
138
784
1256
1185
1548
1248
98
45
1681
118
1429
1695
1744
818
1268
202
101
664
232
403
1213
1277
887
677
4
1042
755
1237
832
324
1469
933
940
1848
450
1286
1476
1153
1030
230
724
140
1205
1103
889
1128
1162
1463
482
1634
178
1552
556
885
121
788
1222
1437
1472
687
1180
656
878
1219
313
889
1113
754
1010
550
1909
1310
1580
569
1874
1253
1082
730
39
882
1267
1903
687
305
76
200
119
44
1223
1896
1204
346
970
962
268
1898
1814
1652
1393
812
272
1705
1428
1550
1260
718
1915
719
488
1033
1770
1493
1519
877
341
89
1920
1740
1669
786
380
645
1496
202
662
1618
935
1494
694
1487
74
1993
169
645
1086
860
1246
1177
1895
902
1797
869
133
800
198
91
1788
1070
1369
626
1120
1098
922
135
556
1350
1759
1856
1013
118
1973
1465
144
333
1708
1028
1090
368
74
47
1064
517
730
1615
1285
1158
167
938
642
1350
648
745
1087
1396
370
1805
1508
630
701
588
1448
1343
1401
218
1294
1804
1730
1440
931
1457
777
1631
1165
1895
941
234
524
734
111
0
45
202
1677
313
484
1136
893
1452
1365
1888
1010
945
1669
1226
1131
541
1571
1475
1672
874
1316
346
169
234
1349
268
411
1967
223
1961
1103
760
1119
939
1946
1869
758
1388
1717
1271
1978
1818
68
191
1318
367
1247
1945
1258
206
788
802
1514
1569
865
287
460
848
1172
35
820
920
798
879
1593
522
93
1999
1388
1666
1889
1797
718
1876
1221
1514
1339
1269
216
1781
732
855
512
1025
773
576
839
1738
1385
1681
1858
1791
1788
264
305
1191
981
95
1612
1321
1631
1004
1321
1037
1097
946
1892
448
842
829
1778
220
1602
230
974
1037
142
701
1369
1828
1718
1850
117
1004
229
800
1855
1209
1316
1772
1708
1889
1453
193
333
1717
121
1856
1229
1151
1872
1960
1648
1388
126
12
1753
1384
130
