247
741
1012
377
889
189
584
1748
1514
1730
152
1991
1544
1933
1186
1046
1233
1684
1447
22
70
1322
1300
335
1808
1222
1930
769
1851
769
404
178
340
1885
1566
681
1018
1078
86
346
106
194
57
1216
602
1321
67
25
1410
1718
310
105
1418
1184
1877
668
397
440
1784
1951
1286
429
575
684
1916
943
901
409
768
1588
233
1490
1926
25
368
1051
1829
387
328
194
29
1033
1543
163
1864
717
1334
477
560
1889
326
78
1820
1944
1952
592
645
839
317
808
1669
1979
1861
1060
773
95
970
385
1226
1810
205
821
1490
1596
1354
404
332
934
1113
328
1032
1366
1677
990
750
88
1925
1129
32
1390
1964
270
874
373
608
350
1680
1765
1405
1352
333
1160
80
962
1457
1136
61
169
964
1462
1506
89
602
481
1844
1242
1366
234
1412
925
94
714
1986
647
826
576
335
534
58
662
1664
1598
692
1122
200
1225
1714
396
1978
662
1133
1023
826
848
1557
1416
1402
768
76
1182
1429
72
1519
1213
1448
483
192
628
1046
574
913
1672
398
1597
1912
1530
37
25
1404
90
378
1830
1344
620
178
665
309
1348
77
509
1514
554
1286
1603
1987
364
34
1332
1688
1896
565
1246
1343
580
653
128
192
1058
446
553
1261
292
1726
535
599
1805
998
1641
1752
447
907
400
29
1399
745
230
980
754
1153
1457
292
254
1154
1806
1444
1184
1103
23
1397
1048
773
92
1544
1297
170
970
1645
1640
1332
924
520
1772
1129
962
1766
1753
1364
1142
1039
1751
880
862
1544
1493
429
1141
1186
1670
296
1804
1058
1471
429
1036
495
217
292
143
803
1465
700
236
1690
1984
660
1501
1564
1191
910
601
1401
1993
1980
703
1117
1610
25
1091
1254
1566
1620
272
1309
1153
895
1525
1848
776
1054
1176
1814
1518
1949
484
1125
7
1914
69
1309
1258
1326
1786
102
1518
122
1847
12
517
1025
1146
1525
1946
1541
94
1789
1782
217
10
765
1685
1415
1903
627
1586
1316
486
76
1993
1298
952
1615
1373
1088
170
1537
89
515
199
121
25
1664
1565
598
1876
152
1399
1871
650
569
1484
644
379
1230
791
1526
1394
1780
1336
1901
1573
384
800
1694
176
515
56
838
40
959
869
1685
1605
941
1061
1228
1458
253
1118
650
1230
1538
1513
1114
720
288
1439
1496
169
1525
1648
1406
1667
318
1181
752
1597
1412
1925
1817
1568
1751
30
1924
1276
730
1066
901
1308
599
1234
1172
223
854
1415
280
1973
253
226
334
634
821
1925
1397
98
76
1752
1631
957
313
287
1480
502
510
1209
1748
1175
1230
1393
623
559
511
789
1297
114
482
146
1973
899
1627
632
511
697
1152
749
1829
728
877
503
440
1789
1980
1366
889
830
596
935
487
1094
1247
1201
292
1904
1807
1070
740
1727
937
264
1041
821
1996
1735
1838
804
1678
488
1028
735
586
1802
1108
719
1733
1667
1058
885
1302
615
1277
1385
1148
1631
1561
1887
1418
530
1321
589
578
477
1868
104
476
9
1555
106
280
1651
1178
205
1784
1152
1143
845
558
1964
794
447
1296
74
642
1705
1850
1612
1142
845
1670
1546
670
212
989
405
976
876
1676
1586
286
1573
73
601
1646
310
681
893
696
216
685
1498
1817
1872
1556
569
1977
172
1861
954
1374
702
1820
168
1620
866
693
1604
1177
1397
1370
169
1557
758
1742
140
21
1961
1422
556
796
1949
924
304
999
1815
1274
120
1978
952
1627
1009
550
1961
1196
1313
1646
1962
12
1453
362
758
1369
1520
1784
177
495
2
1805
645
1028
1376
1620
220
1802
213
959
104
998
698
868
1165
337
365
221
156
500
1833
634
900
1033
569
1081
1244
140
648
1657
110
416
1091
1170
1580
1892
1655
985
92
898
966
416
1660
1274
1178
1000
842
557
765
1301
726
358
1402
1316
479
1615
1975
245
912
317
831
84
167
1076
740
1468
402
258
54
1924
1529
133
1166
1942
889
789
949
708
837
1690
1372
1194
134
1756
737
774
1348
1015
92
1060
457
1858
1411
1393
1156
1340
1136
1340
684
1821
1686
428
193
95
1886
56
1619
1317
773
572
537
1498
1724
1068
1158
572
505
421
1336
1564
786
376
753
53
1661
921
38
650
402
386
238
538
482
16
1552
897
1177
333
1186
313
1524
949
544
1925
216
1694
1925
1162
95
1933
1416
1256
126
1269
1103
1366
800
73
214
290
1919
1824
1570
1780
308
1982
1173
253
24
607
1570
922
1568
566
874
1849
1917
732
697
1964
1829
953
1385
560
1181
745
1893
1969
1412
1868
1438
1790
1709
322
383
478
73
38
583
1444
1399
214
317
803
1349
1339
484
221
133
90
1943
1735
790
863
412
259
66
1096
1736
989
333
346
1668
57
1190
482
778
1813
278
78
342
440
696
1925
1478
335
476
26
1801
797
1866
569
1934
988
503
578
594
985
1909
365
932
1598
485
1177
1528
1740
1485
34
697
1310
464
1454
77
1532
1319
157
1637
166
245
1420
1484
398
1480
176
624
1943
259
1081
677
1944
35
1888
351
1940
1295
1800
938
1476
953
827
1686
427
1777
1897
1817
1615
512
1576
629
154
1119
704
1904
1663
682
1132
1646
985
720
1651
1257
1894
85
1917
1871
135
160
1186
1510
125
1582
196
1562
1753
121
542
1897
234
1148
220
1962
62
1402
1087
866
870
1104
413
567
1391
1465
1517
826
757
1640
1142
517
132
78
1849
1685
64
565
1789
874
1795
1940
1676
58
1627
868
233
572
101
884
1736
554
308
542
1328
853
1217
12
1399
1199
1175
186
368
1061
357
983
400
830
700
400
1336
590
776
646
1795
397
378
190
1573
608
15
940
590
1014
960
956
63
1572
272
1885
1222
1253
1718
634
177
1370
320
1898
1411
775
1162
1199
1881
901
888
1142
1526
969
1843
1321
1166
351
1241
1144
1093
1217
122
1680
1781
1221
1973
773
1556
1850
1436
1853
1984
1484
1321
652
1477
1151
1884
22
1685
173
1513
1669
319
1236
1872
1063
748
325
765
416
803
896
665
317
246
640
128
829
836
252
1783
1529
1060
434
736
206
1192
646
1187
1904
1999
740
173
1733
868
1874
547
1815
72
1861
748
991
1172
1667
1713
1780
560
204
876
1280
1285
107
657
645
56
280
302
720
495
346
1196
115
1358
197
728
1016
1859
1460
1360
127
1375
1421
1430
1352
1734
836
524
1356
1202
1124
132
1232
361
1489
768
1848
700
678
1453
887
1657
672
1401
1025
774
304
982
800
1631
1210
322
1375
1751
1340
682
1422
1000
1168
1920
1762
1626
1228
1641
1128
800
601
1621
980
237
1146
409
1570
1125
172
1250
1705
1470
1801
1551
515
902
1430
1618
174
1470
864
813
1949
29
677
866
597
212
1376
489
345
1034
1628
1197
963
944
1034
162
701
221
773
2
1780
413
49
1177
986
277
662
1134
1168
1110
176
572
1727
343
482
1857
379
1892
1429
803
579
169
1850
888
506
1494
1458
358
277
716
736
1151
1434
1025
1445
835
1184
1207
317
138
1961
1638
412
1094
1750
1528
1096
1730
889
1669
732
620
1933
917
457
1820
1037
3
76
952
1532
331
156
1085
1321
1705
745
1215
1538
202
328
780
769
500
1442
131
1148
1382
1365
158
308
493
1434
396
1652
561
1369
1349
1058
496
1042
619
266
665
1783
742
62
132
1748
1134
1740
68
1835
220
1922
1372
1766
1658
1729
622
26
511
126
957
565
1215
1833
308
866
776
601
493
1796
328
540
815
1127
742
104
1218
1312
335
441
489
1025
348
1753
842
1250
701
600
1109
335
1872
80
687
1112
1479
745
1484
232
1734
1061
538
457
1222
894
1613
33
599
140
569
140
14
349
92
1650
1318
1053
940
1290
1205
574
296
1700
1064
180
906
478
29
73
854
798
1529
1429
134
233
1731
687
1582
386
938
1005
957
1945
1583
1991
1845
1177
1064
1977
525
1061
1151
170
123
398
114
921
1966
1241
1609
1579
1558
520
677
506
1688
92
475
101
17
1776
1394
959
175
692
1565
85
1048
892
966
1828
456
914
730
32
596
1716
88
336
1860
1176
902
1276
1141
48
949
29
392
1496
1127
1991
1696
515
1349
1113
1369
602
1914
907
1582
1952
665
1318
1483
1410
290
844
1215
1341
1845
690
1012
90
106
1832
936
1418
565
521
605
1588
514
1229
1338
1525
514
1084
1048
316
1561
1878
1493
1364
1528
516
1084
25
118
577
46
681
37
1431
1101
1629
579
962
813
1530
168
970
1528
1087
1199
361
1456
132
1956
858
1736
496
1292
309
1951
1246
768
318
1048
1961
942
1808
414
1670
1730
818
1817
1586
1810
1601
1162
726
868
1704
1065
1133
380
254
610
365
912
766
38
968
860
877
686
1604
432
1630
1389
938
1368
413
1987
228
1241
1242
92
1872
181
200
1778
1512
699
305
90
840
803
1580
94
1754
397
1320
1386
535
1432
1641
930
1110
244
410
687
1778
1977
1413
629
516
746
981
1132
1352
67
1557
1028
1890
764
1318
1347
1372
792
1514
119
1784
49
245
1666
134
143
1286
1064
252
1366
1238
461
1224
1647
844
337
974
1947
98
1783
1627
618
681
439
1551
1138
1147
591
516
1961
672
1806
398
422
1174
524
968
1082
1120
1259
412
418
1619
1358
1738
236
1014
1714
381
1360
826
1618
1326
1286
1288
1256
1062
1827
1592
381
754
1888
937
892
1129
535
1785
398
70
1736
498
1406
413
8
1705
1652
214
812
1586
1634
676
274
1926
1148
1170
163
1236
1133
1808
1684
377
954
1881
327
319
1776
1192
925
1184
933
896
1415
623
614
1110
1525
133
1365
520
1667
1561
149
1388
810
1760
53
862
1978
1624
866
355
1989
1394
1400
1322
1838
1054
544
665
1717
1599
1646
553
1608
409
1491
1925
1354
464
278
842
645
518
1078
494
440
310
811
121
928
1296
29
1209
740
1036
1638
1201
396
88
863
1111
1031
1159
1613
420
741
1485
148
1748
1421
385
1109
1456
122
1949
1086
453
125
646
773
1925
732
537
60
135
1215
272
1695
588
350
926
1105
1597
1312
1241
309
1584
913
488
1532
1224
1993
110
180
1420
844
1646
808
1666
1052
621
1636
1703
1257
110
336
1834
1851
859
1596
1120
759
1932
1257
998
341
152
56
1660
601
191
1791
974
1298
1489
1217
848
1517
18
828
684
1838
470
436
364
1613
1978
1922
341
827
197
1646
925
1806
774
825
902
1714
1806
1349
1923
1197
925
1941
1891
393
1168
206
565
1
95
591
49
1973
373
230
335
122
864
1408
1853
478
1208
1128
398
1852
133
697
60
993
1729
409
1312
1064
1017
746
1177
1372
142
1654
377
727
292
201
1012
1502
1712
1286
1484
204
1873
1600
1780
422
664
1961
1485
1890
214
900
1951
384
1169
605
1889
1973
148
1796
529
1586
1729
332
870
1402
1559
694
551
100
1241
928
1400
1204
745
458
690
1727
194
921
492
34
1745
632
678
789
862
1081
272
985
377
341
1676
1991
853
451
1618
1662
248
44
912
810
1550
902
756
448
1484
1782
106
1181
461
380
852
440
567
1271
1270
173
722
665
1669
377
1623
1223
1255
1472
932
1372
1129
645
56
1543
24
1218
26
772
1597
503
1958
1285
1370
388
116
646
658
381
1336
194
1349
880
1489
1782
502
1055
512
1021
776
540
432
1318
1538
189
1889
1100
1867
608
1343
1352
1906
474
808
535
374
704
1496
1452
943
850
1445
913
1358
553
1750
272
1175
108
1177
624
1622
1352
1072
1503
181
498
60
1682
1455
854
636
1314
1833
1758
1863
161
200
835
1862
426
824
272
1966
521
1228
1129
1181
1037
153
461
133
1389
1871
558
988
471
1444
1214
1768
489
791
494
1187
1016
1142
673
386
735
377
54
56
1774
1689
1849
1529
316
1035
718
58
643
917
1140
200
103
1172
34
490
1549
1424
580
38
1705
262
800
1541
1406
746
1077
702
838
1081
1817
1828
1070
1039
1807
1644
1944
1814
121
54
1045
599
188
1093
1420
783
912
474
1471
388
1753
550
1688
1996
1270
56
1860
682
964
1657
960
1621
1272
745
284
1160
316
1476
129
1050
454
40
1746
1645
642
264
1998
949
1052
1748
1693
1817
1663
1702
133
52
811
1166
176
884
1988
476
988
1849
176
840
1046
1376
1246
620
408
1786
1215
112
940
1974
1368
606
313
646
1969
320
639
794
1415
1174
1055
808
1383
1568
1752
1543
328
1422
1876
745
1528
1212
1853
1969
860
1331
217
1909
848
736
56
559
367
1928
121
1254
1951
1874
169
1699
249
289
277
601
562
1779
122
1871
544
337
565
1895
418
542
1376
287
1822
1575
68
629
1592
105
913
1757
1690
576
1766
388
844
170
842
400
920
1605
1726
827
1513
1052
175
121
1893
1159
1325
1540
1663
1072
1180
1238
1110
1837
95
1862
568
716
458
385
241
484
702
735
623
409
1618
1526
1358
1708
386
509
178
1588
692
1834
410
1925
892
760
698
881
1511
505
1004
1676
1925
357
1540
1490
1332
1912
1616
240
1622
1692
160
67
282
558
19
1308
56
1573
1709
707
918
901
1852
399
337
930
1009
252
1468
1740
193
1489
221
316
464
569
269
351
1701
1143
38
1054
1863
1013
1057
840
188
186
1836
1660
820
755
965
954
1655
156
1663
1209
1178
410
1218
1730
842
1640
1197
1312
1706
502
1993
221
1244
1119
1896
1501
639
1044
1253
56
767
1738
1348
1820
436
1921
1912
476
815
658
1854
955
271
25
214
1884
1037
653
246
909
1034
116
1501
903
429
596
1583
1724
780
271
387
985
1736
515
1369
56
652
1186
1477
603
994
992
609
1634
294
1349
90
1917
1871
1826
4
1394
1042
1305
1513
1785
704
1557
505
1973
336
1308
522
1296
173
1429
38
1148
932
1664
254
1031
1339
1644
565
1131
522
1930
937
640
1334
488
542
159
1659
950
1756
1996
1528
1060
1988
1136
1507
1372
67
1422
1345
1198
173
1688
384
1559
269
696
882
1664
285
1560
765
619
1214
1128
1700
1925
1773
1948
1398
1818
885
1673
1817
1698
751
1786
749
1895
1271
1918
358
263
1748
669
14
1012
1585
1376
167
1685
1987
1125
880
1983
22
608
634
1183
1879
313
514
745
601
677
517
1989
1296
1730
1100
1275
1411
874
1658
1253
674
1054
1406
1334
1028
285
1349
897
1869
1961
1559
66
583
1592
1889
952
121
406
932
826
1784
1880
1574
215
1808
1380
58
1861
1266
82
1753
16
1862
194
1954
645
13
1838
1066
1609
1367
1385
791
92
1010
249
741
656
1442
26
1844
52
191
949
538
1786
1196
1748
543
1510
1123
157
14
1655
1555
1226
1920
790
1293
903
1756
1730
1463
797
520
1700
1097
290
1718
160
1172
1814
1880
685
1997
1475
1068
1823
1626
1779
1090
1877
420
733
1119
562
528
576
692
456
1853
1676
1292
1886
1122
1463
461
1648
1258
902
960
1628
1846
1166
1984
1296
920
1470
1164
988
342
198
119
1172
95
1820
56
850
1498
828
454
32
124
1293
1777
758
1062
1854
1610
184
1108
1284
166
788
1464
61
776
322
1604
1977
610
921
127
1748
1562
648
904
673
211
956
1982
937
1465
1249
930
889
542
1817
943
1173
1129
1440
805
1238
153
705
1495
1176
1550
1855
1572
410
1834
1496
1325
1081
1981
163
1382
1143
1978
1816
1960
597
1578
1700
1028
914
1858
1184
454
501
1874
1213
1223
500
1701
1554
1990
582
145
1457
1135
753
1475
1039
1895
1818
1865
344
1818
1960
632
110
908
1418
479
1714
1166
573
553
78
648
45
1037
953
1349
1727
1544
877
1234
560
1144
1545
184
580
22
1165
985
1528
1567
1315
354
289
764
1834
1407
1356
383
1191
1258
778
832
850
331
511
1894
567
1174
1945
918
1309
387
537
1496
205
1294
131
1286
597
1675
1172
1525
692
839
366
748
1924
1132
206
505
1103
1457
1493
143
44
981
120
1410
1410
1088
1599
1907
1354
1016
368
1669
640
1654
734
95
652
17
492
1271
1776
1676
1672
1597
554
916
122
792
434
106
1180
1645
129
576
1636
301
1215
311
1466
1023
233
650
1285
601
650
1167
1592
864
1502
1872
1038
1542
678
517
894
1370
35
1081
1325
1301
707
1280
908
220
1606
1678
176
1335
1737
1917
1000
1264
1204
1910
167
1380
1051
661
424
230
517
693
3
1556
966
526
937
1285
524
110
294
133
1805
553
412
152
1646
1548
144
1376
1253
1489
1273
1411
1141
732
1557
1900
362
1919
1004
1214
1258
428
1085
997
105
553
714
821
441
770
1685
1206
1941
1024
1332
762
1080
1520
308
1644
586
709
1303
1298
1334
1977
345
984
1869
728
1631
125
987
1006
1039
1202
1574
202
1631
1136
1447
1286
1238
808
621
530
61
1290
787
1604
1359
1273
92
1907
332
1166
518
941
1172
254
1343
1977
1702
1772
1280
1397
1945
1422
188
1114
773
639
1677
719
1964
1712
693
933
1528
1250
408
26
1055
1701
140
902
941
259
711
646
489
439
1922
1380
1657
1279
112
233
1257
178
1292
1879
530
1818
95
983
633
1054
314
600
488
889
1596
1030
1207
217
664
922
505
1748
1127
1869
938
22
1673
1460
1820
1285
1920
1013
1610
1462
1915
724
1489
680
1673
82
1172
574
1574
1322
533
578
767
1638
989
1300
518
35
1664
1496
1702
1749
1455
1988
1684
1372
1897
1155
1364
985
170
1538
45
645
384
889
1093
590
1288
134
29
212
166
8
665
26
1561
1989
499
493
1613
1510
1181
342
1744
1778
400
1706
569
412
188
1302
197
1487
1241
1153
1446
475
409
996
1823
530
16
719
853
1780
1620
1690
490
898
1150
605
661
1195
1699
1058
1022
1782
1244
1849
38
1354
1617
863
56
1843
677
578
687
1488
1287
1672
338
478
946
161
1961
458
894
722
1190
1166
452
198
1952
430
962
276
717
84
1744
1015
647
1748
463
460
1321
332
1726
784
310
241
1683
558
832
284
493
809
105
54
26
1543
377
1172
989
1094
1059
1340
703
960
437
1978
1704
1952
1133
564
1384
20
133
1621
926
0
766
1228
1753
1258
1026
180
1173
189
117
599
460
1602
1472
1816
1263
215
1502
1945
1469
1357
1517
1325
861
1727
1534
502
1277
661
548
1748
1966
56
1518
36
411
184
1412
1349
904
424
1559
1081
1679
277
812
649
433
1273
1766
700
160
234
1817
637
318
1645
1303
1777
826
1042
1976
1372
291
970
1102
1488
1027
362
708
90
1941
749
1922
1541
1219
1670
1718
1794
1965
639
453
718
1503
1872
766
1349
193
910
1013
180
1122
1288
1334
1112
753
706
506
528
1166
304
1889
662
1576
1959
932
1316
848
1561
1657
770
1458
116
1657
901
295
1151
1776
479
602
122
1229
1024
1678
428
1069
52
925
974
978
953
1471
1730
252
344
456
386
1325
527
643
844
1078
1181
958
790
1879
1918
765
799
1141
1267
219
1127
632
534
405
249
1084
826
429
1013
1671
370
1506
1843
627
844
61
1142
296
1458
506
1105
1588
727
1470
335
500
1836
514
661
1428
225
1245
709
882
1892
1562
634
1862
935
970
1590
16
1316
562
830
697
1064
181
466
520
1191
1519
52
448
666
1498
1487
1960
182
508
1928
1928
375
397
697
1471
255
1081
1973
858
570
296
1109
1479
1561
121
433
540
1922
1405
21
191
809
1798
1056
1515
1789
1672
1277
615
1119
1766
825
542
31
154
876
768
488
1709
8
1172
1744
1532
1517
1618
692
1781
1156
200
406
1497
1796
719
1657
1278
1232
1726
1870
1559
842
1694
576
805
1704
373
1458
1912
894
812
105
1869
229
1180
1700
1436
1249
1524
1155
768
105
561
1922
1517
1249
1870
1541
33
1357
1301
1091
70
235
1386
642
72
1994
697
916
1183
1803
1891
1096
1061
1172
520
1215
77
1979
1393
655
1220
826
978
1849
1403
1916
430
1960
1253
320
1334
1402
1542
304
839
1689
278
664
446
1244
1639
1253
1836
180
6
865
802
1631
671
1428
1717
1631
103
1656
1692
1942
710
400
1062
1004
835
1452
1602
1705
1093
848
84
986
1081
594
894
612
597
901
1041
475
352
740
44
494
524
718
1924
272
1629
1441
1578
1850
790
1562
1287
1766
578
364
1316
1973
24
866
429
85
1687
414
1447
1526
1689
1797
697
1159
262
1283
1622
1309
769
1312
92
1634
1088
583
1896
808
1886
18
404
1325
1388
1758
367
1354
517
622
351
52
924
1412
1274
1597
207
533
1192
444
632
1583
600
915
725
1458
52
592
487
1654
1037
725
1006
901
1525
332
879
1556
1727
484
517
198
279
766
1114
1484
614
1925
1100
1491
1653
337
540
56
1818
913
124
1040
276
384
149
1357
494
274
352
727
170
636
136
1539
1064
1391
1431
810
855
1817
179
1083
1194
1488
1970
1987
258
56
562
1906
554
1202
1039
1352
1381
82
1059
1280
1310
670
1910
693
1610
398
580
1002
74
62
565
1318
500
269
302
755
422
1933
233
1285
700
472
1038
576
296
25
1876
234
1648
620
107
1622
976
1901
90
88
695
983
589
1124
859
1090
439
377
1734
1522
1
1669
152
62
1906
1079
701
1177
112
1510
738
958
1996
386
1385
194
696
1276
449
760
1258
305
4
1901
29
1970
1901
1100
908
33
1742
1520
1445
551
1784
1634
1186
985
1615
624
1600
1942
21
1128
362
1777
834
1944
144
1609
1124
169
308
1311
244
274
1164
239
968
860
428
1946
1354
542
1133
1849
1693
1526
1556
1445
308
881
1151
554
1442
0
1352
